(kicad_pcb (version 20171130) (host pcbnew 5.1.10-88a1d61d58~88~ubuntu18.04.1)

  (general
    (thickness 1.6)
    (drawings 16)
    (tracks 107)
    (zones 0)
    (modules 25)
    (nets 54)
  )

  (page A4)
  (layers
    (0 F.Cu signal)
    (31 B.Cu signal)
    (32 B.Adhes user)
    (33 F.Adhes user)
    (34 B.Paste user)
    (35 F.Paste user)
    (36 B.SilkS user)
    (37 F.SilkS user)
    (38 B.Mask user)
    (39 F.Mask user)
    (40 Dwgs.User user)
    (41 Cmts.User user)
    (42 Eco1.User user)
    (43 Eco2.User user)
    (44 Edge.Cuts user)
    (45 Margin user)
    (46 B.CrtYd user)
    (47 F.CrtYd user)
    (48 B.Fab user)
    (49 F.Fab user)
  )

  (setup
    (last_trace_width 0.25)
    (trace_clearance 0.2)
    (zone_clearance 0.508)
    (zone_45_only no)
    (trace_min 0.2)
    (via_size 0.8)
    (via_drill 0.4)
    (via_min_size 0.4)
    (via_min_drill 0.3)
    (uvia_size 0.3)
    (uvia_drill 0.1)
    (uvias_allowed no)
    (uvia_min_size 0.2)
    (uvia_min_drill 0.1)
    (edge_width 0.05)
    (segment_width 0.2)
    (pcb_text_width 0.3)
    (pcb_text_size 1.5 1.5)
    (mod_edge_width 0.12)
    (mod_text_size 1 1)
    (mod_text_width 0.15)
    (pad_size 1.524 1.524)
    (pad_drill 0.762)
    (pad_to_mask_clearance 0)
    (aux_axis_origin 0 0)
    (visible_elements FFFFFF7F)
    (pcbplotparams
      (layerselection 0x01000_ffffffff)
      (usegerberextensions false)
      (usegerberattributes true)
      (usegerberadvancedattributes true)
      (creategerberjobfile true)
      (excludeedgelayer true)
      (linewidth 0.100000)
      (plotframeref false)
      (viasonmask false)
      (mode 1)
      (useauxorigin false)
      (hpglpennumber 1)
      (hpglpenspeed 20)
      (hpglpendiameter 15.000000)
      (psnegative false)
      (psa4output false)
      (plotreference false)
      (plotvalue false)
      (plotinvisibletext false)
      (padsonsilk false)
      (subtractmaskfromsilk false)
      (outputformat 3)
      (mirror false)
      (drillshape 0)
      (scaleselection 1)
      (outputdirectory ""))
  )

  (net 0 "")
  (net 1 GND)
  (net 2 VCC)
  (net 3 /battery_power_supply/CB)
  (net 4 /battery_power_supply/SW)
  (net 5 +5V)
  (net 6 +3V3)
  (net 7 /battery_power_supply/EN)
  (net 8 /battery_power_supply/FB)
  (net 9 /CS)
  (net 10 /CD)
  (net 11 /MISO)
  (net 12 /MOSI)
  (net 13 /SCK)
  (net 14 "Net-(U2-Pad17)")
  (net 15 "Net-(U2-Pad18)")
  (net 16 "Net-(U2-Pad19)")
  (net 17 "Net-(U2-Pad16)")
  (net 18 "Net-(U2-Pad15)")
  (net 19 "Net-(U2-Pad21)")
  (net 20 "Net-(U2-Pad22)")
  (net 21 "Net-(U2-Pad23)")
  (net 22 "Net-(U2-Pad24)")
  (net 23 /SDA0)
  (net 24 /SCL0)
  (net 25 "Net-(U2-Pad27)")
  (net 26 "Net-(U2-Pad28)")
  (net 27 "Net-(U2-Pad29)")
  (net 28 "Net-(U2-Pad30)")
  (net 29 "Net-(U2-Pad31)")
  (net 30 "Net-(U2-Pad34)")
  (net 31 "Net-(U2-Pad11)")
  (net 32 "Net-(U2-Pad10)")
  (net 33 "Net-(U2-Pad9)")
  (net 34 "Net-(U2-Pad8)")
  (net 35 "Net-(U2-Pad7)")
  (net 36 "Net-(U2-Pad6)")
  (net 37 "Net-(U2-Pad5)")
  (net 38 /TX1)
  (net 39 /RX1)
  (net 40 "Net-(U2-Pad1)")
  (net 41 "Net-(U3-Pad5)")
  (net 42 "Net-(U3-Pad6)")
  (net 43 "Net-(U4-Pad1)")
  (net 44 "Net-(U5-Pad5)")
  (net 45 "Net-(U5-Pad6)")
  (net 46 "Net-(U5-Pad7)")
  (net 47 "Net-(U5-Pad8)")
  (net 48 "Net-(U5-Pad9)")
  (net 49 "Net-(U5-Pad10)")
  (net 50 "Net-(U5-Pad11)")
  (net 51 "Net-(U7-Pad4)")
  (net 52 "Net-(U1-Pad2)")
  (net 53 "Net-(D1-Pad2)")

  (net_class Default "This is the default net class."
    (clearance 0.2)
    (trace_width 0.25)
    (via_dia 0.8)
    (via_drill 0.4)
    (uvia_dia 0.3)
    (uvia_drill 0.1)
    (add_net +3V3)
    (add_net +5V)
    (add_net /CD)
    (add_net /CS)
    (add_net /MISO)
    (add_net /MOSI)
    (add_net /RX1)
    (add_net /SCK)
    (add_net /SCL0)
    (add_net /SDA0)
    (add_net /TX1)
    (add_net /battery_power_supply/CB)
    (add_net /battery_power_supply/EN)
    (add_net /battery_power_supply/FB)
    (add_net /battery_power_supply/SW)
    (add_net GND)
    (add_net "Net-(D1-Pad2)")
    (add_net "Net-(U1-Pad2)")
    (add_net "Net-(U2-Pad1)")
    (add_net "Net-(U2-Pad10)")
    (add_net "Net-(U2-Pad11)")
    (add_net "Net-(U2-Pad15)")
    (add_net "Net-(U2-Pad16)")
    (add_net "Net-(U2-Pad17)")
    (add_net "Net-(U2-Pad18)")
    (add_net "Net-(U2-Pad19)")
    (add_net "Net-(U2-Pad21)")
    (add_net "Net-(U2-Pad22)")
    (add_net "Net-(U2-Pad23)")
    (add_net "Net-(U2-Pad24)")
    (add_net "Net-(U2-Pad27)")
    (add_net "Net-(U2-Pad28)")
    (add_net "Net-(U2-Pad29)")
    (add_net "Net-(U2-Pad30)")
    (add_net "Net-(U2-Pad31)")
    (add_net "Net-(U2-Pad34)")
    (add_net "Net-(U2-Pad5)")
    (add_net "Net-(U2-Pad6)")
    (add_net "Net-(U2-Pad7)")
    (add_net "Net-(U2-Pad8)")
    (add_net "Net-(U2-Pad9)")
    (add_net "Net-(U3-Pad5)")
    (add_net "Net-(U3-Pad6)")
    (add_net "Net-(U4-Pad1)")
    (add_net "Net-(U5-Pad10)")
    (add_net "Net-(U5-Pad11)")
    (add_net "Net-(U5-Pad5)")
    (add_net "Net-(U5-Pad6)")
    (add_net "Net-(U5-Pad7)")
    (add_net "Net-(U5-Pad8)")
    (add_net "Net-(U5-Pad9)")
    (add_net "Net-(U7-Pad4)")
    (add_net VCC)
  )

  (module MountingHole:MountingHole_3.2mm_M3_Pad_Via (layer F.Cu) (tedit 56DDBCCA) (tstamp 60A482A7)
    (at 130 90)
    (descr "Mounting Hole 3.2mm, M3")
    (tags "mounting hole 3.2mm m3")
    (path /60AB5496)
    (attr virtual)
    (fp_text reference H2 (at -5 0) (layer F.SilkS)
      (effects (font (size 1 1) (thickness 0.15)))
    )
    (fp_text value MountingHole_Pad (at -105 60) (layer F.Fab)
      (effects (font (size 1 1) (thickness 0.15)))
    )
    (fp_circle (center 0 0) (end 3.45 0) (layer F.CrtYd) (width 0.05))
    (fp_circle (center 0 0) (end 3.2 0) (layer Cmts.User) (width 0.15))
    (fp_text user %R (at 0.3 0) (layer F.Fab)
      (effects (font (size 1 1) (thickness 0.15)))
    )
    (pad 1 thru_hole circle (at 1.697056 -1.697056) (size 0.8 0.8) (drill 0.5) (layers *.Cu *.Mask)
      (net 1 GND))
    (pad 1 thru_hole circle (at 0 -2.4) (size 0.8 0.8) (drill 0.5) (layers *.Cu *.Mask)
      (net 1 GND))
    (pad 1 thru_hole circle (at -1.697056 -1.697056) (size 0.8 0.8) (drill 0.5) (layers *.Cu *.Mask)
      (net 1 GND))
    (pad 1 thru_hole circle (at -2.4 0) (size 0.8 0.8) (drill 0.5) (layers *.Cu *.Mask)
      (net 1 GND))
    (pad 1 thru_hole circle (at -1.697056 1.697056) (size 0.8 0.8) (drill 0.5) (layers *.Cu *.Mask)
      (net 1 GND))
    (pad 1 thru_hole circle (at 0 2.4) (size 0.8 0.8) (drill 0.5) (layers *.Cu *.Mask)
      (net 1 GND))
    (pad 1 thru_hole circle (at 1.697056 1.697056) (size 0.8 0.8) (drill 0.5) (layers *.Cu *.Mask)
      (net 1 GND))
    (pad 1 thru_hole circle (at 2.4 0) (size 0.8 0.8) (drill 0.5) (layers *.Cu *.Mask)
      (net 1 GND))
    (pad 1 thru_hole circle (at 0 0) (size 6.4 6.4) (drill 3.2) (layers *.Cu *.Mask)
      (net 1 GND))
  )

  (module MountingHole:MountingHole_3.2mm_M3_Pad_Via (layer F.Cu) (tedit 56DDBCCA) (tstamp 60A48297)
    (at 40 40)
    (descr "Mounting Hole 3.2mm, M3")
    (tags "mounting hole 3.2mm m3")
    (path /60AB5D37)
    (attr virtual)
    (fp_text reference H1 (at 5 0) (layer F.SilkS)
      (effects (font (size 1 1) (thickness 0.15)))
    )
    (fp_text value MountingHole_Pad (at -65 15) (layer F.Fab)
      (effects (font (size 1 1) (thickness 0.15)))
    )
    (fp_circle (center 0 0) (end 3.45 0) (layer F.CrtYd) (width 0.05))
    (fp_circle (center 0 0) (end 3.2 0) (layer Cmts.User) (width 0.15))
    (fp_text user %R (at 0.3 0) (layer F.Fab)
      (effects (font (size 1 1) (thickness 0.15)))
    )
    (pad 1 thru_hole circle (at 1.697056 -1.697056) (size 0.8 0.8) (drill 0.5) (layers *.Cu *.Mask)
      (net 1 GND))
    (pad 1 thru_hole circle (at 0 -2.4) (size 0.8 0.8) (drill 0.5) (layers *.Cu *.Mask)
      (net 1 GND))
    (pad 1 thru_hole circle (at -1.697056 -1.697056) (size 0.8 0.8) (drill 0.5) (layers *.Cu *.Mask)
      (net 1 GND))
    (pad 1 thru_hole circle (at -2.4 0) (size 0.8 0.8) (drill 0.5) (layers *.Cu *.Mask)
      (net 1 GND))
    (pad 1 thru_hole circle (at -1.697056 1.697056) (size 0.8 0.8) (drill 0.5) (layers *.Cu *.Mask)
      (net 1 GND))
    (pad 1 thru_hole circle (at 0 2.4) (size 0.8 0.8) (drill 0.5) (layers *.Cu *.Mask)
      (net 1 GND))
    (pad 1 thru_hole circle (at 1.697056 1.697056) (size 0.8 0.8) (drill 0.5) (layers *.Cu *.Mask)
      (net 1 GND))
    (pad 1 thru_hole circle (at 2.4 0) (size 0.8 0.8) (drill 0.5) (layers *.Cu *.Mask)
      (net 1 GND))
    (pad 1 thru_hole circle (at 0 0) (size 6.4 6.4) (drill 3.2) (layers *.Cu *.Mask)
      (net 1 GND))
  )

  (module Resistor_SMD:R_0603_1608Metric_Pad0.98x0.95mm_HandSolder (layer F.Cu) (tedit 5F68FEEE) (tstamp 60A47163)
    (at 72.35 85.255 270)
    (descr "Resistor SMD 0603 (1608 Metric), square (rectangular) end terminal, IPC_7351 nominal with elongated pad for handsoldering. (Body size source: IPC-SM-782 page 72, https://www.pcb-3d.com/wordpress/wp-content/uploads/ipc-sm-782a_amendment_1_and_2.pdf), generated with kicad-footprint-generator")
    (tags "resistor handsolder")
    (path /60AA8046)
    (attr smd)
    (fp_text reference R5 (at 2.645 0.05 90) (layer F.SilkS)
      (effects (font (size 1 1) (thickness 0.15)))
    )
    (fp_text value 200 (at 0 1.43 90) (layer F.Fab)
      (effects (font (size 1 1) (thickness 0.15)))
    )
    (fp_line (start 1.65 0.73) (end -1.65 0.73) (layer F.CrtYd) (width 0.05))
    (fp_line (start 1.65 -0.73) (end 1.65 0.73) (layer F.CrtYd) (width 0.05))
    (fp_line (start -1.65 -0.73) (end 1.65 -0.73) (layer F.CrtYd) (width 0.05))
    (fp_line (start -1.65 0.73) (end -1.65 -0.73) (layer F.CrtYd) (width 0.05))
    (fp_line (start -0.254724 0.5225) (end 0.254724 0.5225) (layer F.SilkS) (width 0.12))
    (fp_line (start -0.254724 -0.5225) (end 0.254724 -0.5225) (layer F.SilkS) (width 0.12))
    (fp_line (start 0.8 0.4125) (end -0.8 0.4125) (layer F.Fab) (width 0.1))
    (fp_line (start 0.8 -0.4125) (end 0.8 0.4125) (layer F.Fab) (width 0.1))
    (fp_line (start -0.8 -0.4125) (end 0.8 -0.4125) (layer F.Fab) (width 0.1))
    (fp_line (start -0.8 0.4125) (end -0.8 -0.4125) (layer F.Fab) (width 0.1))
    (fp_text user %R (at 0 0 90) (layer F.Fab)
      (effects (font (size 0.4 0.4) (thickness 0.06)))
    )
    (pad 2 smd roundrect (at 0.9125 0 270) (size 0.975 0.95) (layers F.Cu F.Paste F.Mask) (roundrect_rratio 0.25)
      (net 53 "Net-(D1-Pad2)"))
    (pad 1 smd roundrect (at -0.9125 0 270) (size 0.975 0.95) (layers F.Cu F.Paste F.Mask) (roundrect_rratio 0.25)
      (net 5 +5V))
    (model ${KISYS3DMOD}/Resistor_SMD.3dshapes/R_0603_1608Metric.wrl
      (at (xyz 0 0 0))
      (scale (xyz 1 1 1))
      (rotate (xyz 0 0 0))
    )
  )

  (module LED_SMD:LED_0603_1608Metric_Pad1.05x0.95mm_HandSolder (layer F.Cu) (tedit 5F68FEF1) (tstamp 60A4742C)
    (at 74.9 85.3 270)
    (descr "LED SMD 0603 (1608 Metric), square (rectangular) end terminal, IPC_7351 nominal, (Body size source: http://www.tortai-tech.com/upload/download/2011102023233369053.pdf), generated with kicad-footprint-generator")
    (tags "LED handsolder")
    (path /60AA3367)
    (attr smd)
    (fp_text reference D1 (at 2.6 0.1 90) (layer F.SilkS)
      (effects (font (size 1 1) (thickness 0.15)))
    )
    (fp_text value LED (at 0 1.43 90) (layer F.Fab)
      (effects (font (size 1 1) (thickness 0.15)))
    )
    (fp_line (start 1.65 0.73) (end -1.65 0.73) (layer F.CrtYd) (width 0.05))
    (fp_line (start 1.65 -0.73) (end 1.65 0.73) (layer F.CrtYd) (width 0.05))
    (fp_line (start -1.65 -0.73) (end 1.65 -0.73) (layer F.CrtYd) (width 0.05))
    (fp_line (start -1.65 0.73) (end -1.65 -0.73) (layer F.CrtYd) (width 0.05))
    (fp_line (start -1.66 0.735) (end 0.8 0.735) (layer F.SilkS) (width 0.12))
    (fp_line (start -1.66 -0.735) (end -1.66 0.735) (layer F.SilkS) (width 0.12))
    (fp_line (start 0.8 -0.735) (end -1.66 -0.735) (layer F.SilkS) (width 0.12))
    (fp_line (start 0.8 0.4) (end 0.8 -0.4) (layer F.Fab) (width 0.1))
    (fp_line (start -0.8 0.4) (end 0.8 0.4) (layer F.Fab) (width 0.1))
    (fp_line (start -0.8 -0.1) (end -0.8 0.4) (layer F.Fab) (width 0.1))
    (fp_line (start -0.5 -0.4) (end -0.8 -0.1) (layer F.Fab) (width 0.1))
    (fp_line (start 0.8 -0.4) (end -0.5 -0.4) (layer F.Fab) (width 0.1))
    (fp_text user %R (at 0 0 90) (layer F.Fab)
      (effects (font (size 0.4 0.4) (thickness 0.06)))
    )
    (pad 2 smd roundrect (at 0.875 0 270) (size 1.05 0.95) (layers F.Cu F.Paste F.Mask) (roundrect_rratio 0.25)
      (net 53 "Net-(D1-Pad2)"))
    (pad 1 smd roundrect (at -0.875 0 270) (size 1.05 0.95) (layers F.Cu F.Paste F.Mask) (roundrect_rratio 0.25)
      (net 1 GND))
    (model ${KISYS3DMOD}/LED_SMD.3dshapes/LED_0603_1608Metric.wrl
      (at (xyz 0 0 0))
      (scale (xyz 1 1 1))
      (rotate (xyz 0 0 0))
    )
  )

  (module myFootprints:RobotDyn_SD_Card_Reader (layer F.Cu) (tedit 60A32C5F) (tstamp 60A47531)
    (at 92 69.5 180)
    (path /60A335D3)
    (fp_text reference U1 (at 10 -20) (layer F.SilkS)
      (effects (font (size 1 1) (thickness 0.15)))
    )
    (fp_text value SD_Card_Reader (at 12 21) (layer F.Fab)
      (effects (font (size 1 1) (thickness 0.15)))
    )
    (fp_line (start 12.595 -17.91) (end -12.595 -17.91) (layer F.Fab) (width 0.12))
    (fp_line (start 12.595 17.91) (end -12.595 17.91) (layer F.Fab) (width 0.12))
    (fp_line (start -12.595 17.91) (end -12.595 -17.91) (layer F.Fab) (width 0.12))
    (fp_line (start 12.595 -17.91) (end 12.595 17.91) (layer F.Fab) (width 0.12))
    (fp_text user 3.3V (at -6.47 14 90) (layer F.SilkS)
      (effects (font (size 0.5 0.5) (thickness 0.1)))
    )
    (fp_text user GND (at -3.9 14.1 90) (layer F.SilkS)
      (effects (font (size 0.5 0.5) (thickness 0.1)))
    )
    (fp_text user CLK (at -1.3 14.2 90) (layer F.SilkS)
      (effects (font (size 0.5 0.5) (thickness 0.1)))
    )
    (fp_text user 5V (at -9 14.3 90) (layer F.SilkS)
      (effects (font (size 0.5 0.5) (thickness 0.1)))
    )
    (fp_text user DI (at 3.73 14.4 90) (layer F.SilkS)
      (effects (font (size 0.5 0.5) (thickness 0.1)))
    )
    (fp_text user CS (at 6.3 14.4 90) (layer F.SilkS)
      (effects (font (size 0.5 0.5) (thickness 0.1)))
    )
    (fp_text user CD (at 8.8 14.4 90) (layer F.SilkS)
      (effects (font (size 0.5 0.5) (thickness 0.1)))
    )
    (fp_text user DO (at 1.19 14.4 90) (layer F.SilkS)
      (effects (font (size 0.5 0.5) (thickness 0.1)))
    )
    (pad 2 thru_hole circle (at -6.435 16.04 180) (size 1.6 1.6) (drill 1.1) (layers *.Cu *.Mask)
      (net 52 "Net-(U1-Pad2)"))
    (pad 1 thru_hole circle (at -8.975 16.04 180) (size 1.6 1.6) (drill 1.1) (layers *.Cu *.Mask)
      (net 5 +5V))
    (pad 4 thru_hole circle (at -1.355 16.04 180) (size 1.6 1.6) (drill 1.1) (layers *.Cu *.Mask)
      (net 13 /SCK))
    (pad 3 thru_hole circle (at -3.895 16.04 180) (size 1.6 1.6) (drill 1.1) (layers *.Cu *.Mask)
      (net 1 GND))
    (pad 6 thru_hole circle (at 3.725 16.04 180) (size 1.6 1.6) (drill 1.1) (layers *.Cu *.Mask)
      (net 12 /MOSI))
    (pad 5 thru_hole circle (at 1.185 16.04 180) (size 1.6 1.6) (drill 1.1) (layers *.Cu *.Mask)
      (net 11 /MISO))
    (pad 8 thru_hole circle (at 8.805 16.04 180) (size 1.6 1.6) (drill 1.1) (layers *.Cu *.Mask)
      (net 10 /CD))
    (pad 7 thru_hole circle (at 6.265 16.04 180) (size 1.6 1.6) (drill 1.1) (layers *.Cu *.Mask)
      (net 9 /CS))
    (pad 9 thru_hole circle (at -9.475 -14.77 180) (size 5.08 5.08) (drill 3.2) (layers *.Cu *.Mask))
    (pad 10 thru_hole circle (at 9.475 -14.77 180) (size 5.08 5.08) (drill 3.2) (layers *.Cu *.Mask))
    (pad 11 thru_hole circle (at -9.575 10.57 180) (size 5.08 5.08) (drill 3.2) (layers *.Cu *.Mask))
    (pad 12 thru_hole circle (at 9.575 10.57 180) (size 5.08 5.08) (drill 3.2) (layers *.Cu *.Mask))
  )

  (module myFootprints:Teensy40 (layer F.Cu) (tedit 60A35DC1) (tstamp 60A47057)
    (at 56.25 60.5)
    (path /609E097F)
    (fp_text reference U2 (at 0 10) (layer F.SilkS)
      (effects (font (size 1 1) (thickness 0.15)))
    )
    (fp_text value Teensy4.0 (at 0 10.16) (layer F.Fab)
      (effects (font (size 1 1) (thickness 0.15)))
    )
    (fp_line (start -17.78 3.81) (end -19.05 3.81) (layer F.SilkS) (width 0.15))
    (fp_line (start -19.05 3.81) (end -19.05 -3.81) (layer F.SilkS) (width 0.15))
    (fp_line (start -19.05 -3.81) (end -17.78 -3.81) (layer F.SilkS) (width 0.15))
    (fp_line (start -12.7 3.81) (end -12.7 -3.81) (layer F.SilkS) (width 0.15))
    (fp_line (start -12.7 -3.81) (end -17.78 -3.81) (layer F.SilkS) (width 0.15))
    (fp_line (start -12.7 3.81) (end -17.78 3.81) (layer F.SilkS) (width 0.15))
    (fp_line (start 14.732 -1.27) (end 14.732 1.27) (layer F.SilkS) (width 0.15))
    (fp_line (start 14.732 1.27) (end 10.16 1.27) (layer F.SilkS) (width 0.15))
    (fp_line (start 10.16 1.27) (end 10.16 -1.27) (layer F.SilkS) (width 0.15))
    (fp_line (start 10.16 -1.27) (end 14.732 -1.27) (layer F.SilkS) (width 0.15))
    (fp_line (start 4.445 5.08) (end 4.445 -5.08) (layer F.SilkS) (width 0.15))
    (fp_line (start -5.715 -5.08) (end -5.715 5.08) (layer F.SilkS) (width 0.15))
    (fp_line (start 4.445 -5.08) (end -5.715 -5.08) (layer F.SilkS) (width 0.15))
    (fp_line (start 4.445 5.08) (end -5.715 5.08) (layer F.SilkS) (width 0.15))
    (fp_line (start -17.78 -8.89) (end 17.78 -8.89) (layer F.SilkS) (width 0.15))
    (fp_line (start 17.78 -8.89) (end 17.78 8.89) (layer F.SilkS) (width 0.15))
    (fp_line (start 17.78 8.89) (end -17.78 8.89) (layer F.SilkS) (width 0.15))
    (fp_line (start -17.78 8.89) (end -17.78 -8.89) (layer F.SilkS) (width 0.15))
    (fp_line (start 5.08 -5.08) (end 7.62 -5.08) (layer F.SilkS) (width 0.15))
    (fp_line (start 7.62 -5.08) (end 7.62 -1.905) (layer F.SilkS) (width 0.15))
    (fp_line (start 7.62 -1.905) (end 5.08 -1.905) (layer F.SilkS) (width 0.15))
    (fp_line (start 5.08 -1.905) (end 5.08 -5.08) (layer F.SilkS) (width 0.15))
    (fp_poly (pts (xy -3.175 -0.635) (xy -2.921 -0.889) (xy -2.667 -0.508) (xy -2.921 -0.254)) (layer F.SilkS) (width 0.1))
    (fp_poly (pts (xy -2.794 -0.127) (xy -2.54 -0.381) (xy -2.286 0) (xy -2.54 0.254)) (layer F.SilkS) (width 0.1))
    (fp_poly (pts (xy -2.413 0.381) (xy -2.159 0.127) (xy -1.905 0.508) (xy -2.159 0.762)) (layer F.SilkS) (width 0.1))
    (fp_poly (pts (xy -2.413 -0.508) (xy -2.159 -0.762) (xy -1.905 -0.381) (xy -2.159 -0.127)) (layer F.SilkS) (width 0.1))
    (fp_poly (pts (xy -2.032 0) (xy -1.778 -0.254) (xy -1.524 0.127) (xy -1.778 0.381)) (layer F.SilkS) (width 0.1))
    (fp_poly (pts (xy -1.651 0.508) (xy -1.397 0.254) (xy -1.143 0.635) (xy -1.397 0.889)) (layer F.SilkS) (width 0.1))
    (fp_poly (pts (xy -3.556 -0.254) (xy -3.302 -0.508) (xy -3.048 -0.127) (xy -3.302 0.127)) (layer F.SilkS) (width 0.1))
    (fp_poly (pts (xy -3.937 0.127) (xy -3.683 -0.127) (xy -3.429 0.254) (xy -3.683 0.508)) (layer F.SilkS) (width 0.1))
    (fp_text user MIMXRT1062 (at 0.254 0 90) (layer F.SilkS)
      (effects (font (size 0.7 0.7) (thickness 0.15)))
    )
    (fp_text user DVL6A (at 1.778 0 90) (layer F.SilkS)
      (effects (font (size 0.7 0.7) (thickness 0.15)))
    )
    (pad 17 thru_hole circle (at 16.51 0) (size 1.6 1.6) (drill 1.1) (layers *.Cu *.Mask)
      (net 14 "Net-(U2-Pad17)"))
    (pad 18 thru_hole circle (at 16.51 -2.54) (size 1.6 1.6) (drill 1.1) (layers *.Cu *.Mask)
      (net 15 "Net-(U2-Pad18)"))
    (pad 19 thru_hole circle (at 16.51 -5.08) (size 1.6 1.6) (drill 1.1) (layers *.Cu *.Mask)
      (net 16 "Net-(U2-Pad19)"))
    (pad 20 thru_hole circle (at 16.51 -7.62) (size 1.6 1.6) (drill 1.1) (layers *.Cu *.Mask)
      (net 13 /SCK))
    (pad 16 thru_hole circle (at 16.51 2.54) (size 1.6 1.6) (drill 1.1) (layers *.Cu *.Mask)
      (net 17 "Net-(U2-Pad16)"))
    (pad 15 thru_hole circle (at 16.51 5.08) (size 1.6 1.6) (drill 1.1) (layers *.Cu *.Mask)
      (net 18 "Net-(U2-Pad15)"))
    (pad 14 thru_hole circle (at 16.51 7.62) (size 1.6 1.6) (drill 1.1) (layers *.Cu *.Mask)
      (net 11 /MISO))
    (pad 21 thru_hole circle (at 13.97 -7.62) (size 1.6 1.6) (drill 1.1) (layers *.Cu *.Mask)
      (net 19 "Net-(U2-Pad21)"))
    (pad 22 thru_hole circle (at 11.43 -7.62) (size 1.6 1.6) (drill 1.1) (layers *.Cu *.Mask)
      (net 20 "Net-(U2-Pad22)"))
    (pad 23 thru_hole circle (at 8.89 -7.62) (size 1.6 1.6) (drill 1.1) (layers *.Cu *.Mask)
      (net 21 "Net-(U2-Pad23)"))
    (pad 24 thru_hole circle (at 6.35 -7.62) (size 1.6 1.6) (drill 1.1) (layers *.Cu *.Mask)
      (net 22 "Net-(U2-Pad24)"))
    (pad 25 thru_hole circle (at 3.81 -7.62) (size 1.6 1.6) (drill 1.1) (layers *.Cu *.Mask)
      (net 23 /SDA0))
    (pad 26 thru_hole circle (at 1.27 -7.62) (size 1.6 1.6) (drill 1.1) (layers *.Cu *.Mask)
      (net 24 /SCL0))
    (pad 27 thru_hole circle (at -1.27 -7.62) (size 1.6 1.6) (drill 1.1) (layers *.Cu *.Mask)
      (net 25 "Net-(U2-Pad27)"))
    (pad 28 thru_hole circle (at -3.81 -7.62) (size 1.6 1.6) (drill 1.1) (layers *.Cu *.Mask)
      (net 26 "Net-(U2-Pad28)"))
    (pad 29 thru_hole circle (at -6.35 -7.62) (size 1.6 1.6) (drill 1.1) (layers *.Cu *.Mask)
      (net 27 "Net-(U2-Pad29)"))
    (pad 30 thru_hole circle (at -8.89 -7.62) (size 1.6 1.6) (drill 1.1) (layers *.Cu *.Mask)
      (net 28 "Net-(U2-Pad30)"))
    (pad 31 thru_hole circle (at -11.43 -7.62) (size 1.6 1.6) (drill 1.1) (layers *.Cu *.Mask)
      (net 29 "Net-(U2-Pad31)"))
    (pad 32 thru_hole circle (at -13.97 -7.62) (size 1.6 1.6) (drill 1.1) (layers *.Cu *.Mask)
      (net 1 GND))
    (pad 33 thru_hole circle (at -16.51 -7.62) (size 1.6 1.6) (drill 1.1) (layers *.Cu *.Mask)
      (net 5 +5V))
    (pad 34 thru_hole circle (at -13.97 -5.08) (size 1.6 1.6) (drill 1.1) (layers *.Cu *.Mask)
      (net 30 "Net-(U2-Pad34)"))
    (pad 13 thru_hole circle (at 13.97 7.62) (size 1.6 1.6) (drill 1.1) (layers *.Cu *.Mask)
      (net 12 /MOSI))
    (pad 12 thru_hole circle (at 11.43 7.62) (size 1.6 1.6) (drill 1.1) (layers *.Cu *.Mask)
      (net 9 /CS))
    (pad 11 thru_hole circle (at 8.89 7.62) (size 1.6 1.6) (drill 1.1) (layers *.Cu *.Mask)
      (net 31 "Net-(U2-Pad11)"))
    (pad 10 thru_hole circle (at 6.35 7.62) (size 1.6 1.6) (drill 1.1) (layers *.Cu *.Mask)
      (net 32 "Net-(U2-Pad10)"))
    (pad 9 thru_hole circle (at 3.81 7.62) (size 1.6 1.6) (drill 1.1) (layers *.Cu *.Mask)
      (net 33 "Net-(U2-Pad9)"))
    (pad 8 thru_hole circle (at 1.27 7.62) (size 1.6 1.6) (drill 1.1) (layers *.Cu *.Mask)
      (net 34 "Net-(U2-Pad8)"))
    (pad 7 thru_hole circle (at -1.27 7.62) (size 1.6 1.6) (drill 1.1) (layers *.Cu *.Mask)
      (net 35 "Net-(U2-Pad7)"))
    (pad 6 thru_hole circle (at -3.81 7.62) (size 1.6 1.6) (drill 1.1) (layers *.Cu *.Mask)
      (net 36 "Net-(U2-Pad6)"))
    (pad 5 thru_hole circle (at -6.35 7.62) (size 1.6 1.6) (drill 1.1) (layers *.Cu *.Mask)
      (net 37 "Net-(U2-Pad5)"))
    (pad 4 thru_hole circle (at -8.89 7.62) (size 1.6 1.6) (drill 1.1) (layers *.Cu *.Mask)
      (net 10 /CD))
    (pad 3 thru_hole circle (at -11.43 7.62) (size 1.6 1.6) (drill 1.1) (layers *.Cu *.Mask)
      (net 38 /TX1))
    (pad 2 thru_hole circle (at -13.97 7.62) (size 1.6 1.6) (drill 1.1) (layers *.Cu *.Mask)
      (net 39 /RX1))
    (pad 1 thru_hole circle (at -16.51 7.62) (size 1.6 1.6) (drill 1.1) (layers *.Cu *.Mask)
      (net 40 "Net-(U2-Pad1)"))
    (model ${KICAD_USER_DIR}/teensy.pretty/Teensy_4.0_Assembly.STEP
      (offset (xyz 33 9.5 -11))
      (scale (xyz 1 1 1))
      (rotate (xyz -90 0 0))
    )
  )

  (module Capacitor_SMD:C_0603_1608Metric_Pad1.08x0.95mm_HandSolder (layer F.Cu) (tedit 5F68FEEF) (tstamp 60A46DC1)
    (at 59.4 86.9)
    (descr "Capacitor SMD 0603 (1608 Metric), square (rectangular) end terminal, IPC_7351 nominal with elongated pad for handsoldering. (Body size source: IPC-SM-782 page 76, https://www.pcb-3d.com/wordpress/wp-content/uploads/ipc-sm-782a_amendment_1_and_2.pdf), generated with kicad-footprint-generator")
    (tags "capacitor handsolder")
    (path /609E7FAE/609EC823)
    (attr smd)
    (fp_text reference C1 (at 2.8 0) (layer F.SilkS)
      (effects (font (size 1 1) (thickness 0.15)))
    )
    (fp_text value 10u (at 0 1.43) (layer F.Fab)
      (effects (font (size 1 1) (thickness 0.15)))
    )
    (fp_line (start 1.65 0.73) (end -1.65 0.73) (layer F.CrtYd) (width 0.05))
    (fp_line (start 1.65 -0.73) (end 1.65 0.73) (layer F.CrtYd) (width 0.05))
    (fp_line (start -1.65 -0.73) (end 1.65 -0.73) (layer F.CrtYd) (width 0.05))
    (fp_line (start -1.65 0.73) (end -1.65 -0.73) (layer F.CrtYd) (width 0.05))
    (fp_line (start -0.146267 0.51) (end 0.146267 0.51) (layer F.SilkS) (width 0.12))
    (fp_line (start -0.146267 -0.51) (end 0.146267 -0.51) (layer F.SilkS) (width 0.12))
    (fp_line (start 0.8 0.4) (end -0.8 0.4) (layer F.Fab) (width 0.1))
    (fp_line (start 0.8 -0.4) (end 0.8 0.4) (layer F.Fab) (width 0.1))
    (fp_line (start -0.8 -0.4) (end 0.8 -0.4) (layer F.Fab) (width 0.1))
    (fp_line (start -0.8 0.4) (end -0.8 -0.4) (layer F.Fab) (width 0.1))
    (fp_text user %R (at 0 0) (layer F.Fab)
      (effects (font (size 0.4 0.4) (thickness 0.06)))
    )
    (pad 2 smd roundrect (at 0.8625 0) (size 1.075 0.95) (layers F.Cu F.Paste F.Mask) (roundrect_rratio 0.25)
      (net 1 GND))
    (pad 1 smd roundrect (at -0.8625 0) (size 1.075 0.95) (layers F.Cu F.Paste F.Mask) (roundrect_rratio 0.25)
      (net 2 VCC))
    (model ${KISYS3DMOD}/Capacitor_SMD.3dshapes/C_0603_1608Metric.wrl
      (at (xyz 0 0 0))
      (scale (xyz 1 1 1))
      (rotate (xyz 0 0 0))
    )
  )

  (module Capacitor_SMD:C_0603_1608Metric_Pad1.08x0.95mm_HandSolder (layer F.Cu) (tedit 5F68FEEF) (tstamp 60A47208)
    (at 59.4 84.7)
    (descr "Capacitor SMD 0603 (1608 Metric), square (rectangular) end terminal, IPC_7351 nominal with elongated pad for handsoldering. (Body size source: IPC-SM-782 page 76, https://www.pcb-3d.com/wordpress/wp-content/uploads/ipc-sm-782a_amendment_1_and_2.pdf), generated with kicad-footprint-generator")
    (tags "capacitor handsolder")
    (path /609E7FAE/609F511B)
    (attr smd)
    (fp_text reference C2 (at 2.8 0) (layer F.SilkS)
      (effects (font (size 1 1) (thickness 0.15)))
    )
    (fp_text value 10u (at 0 1.43) (layer F.Fab)
      (effects (font (size 1 1) (thickness 0.15)))
    )
    (fp_line (start -0.8 0.4) (end -0.8 -0.4) (layer F.Fab) (width 0.1))
    (fp_line (start -0.8 -0.4) (end 0.8 -0.4) (layer F.Fab) (width 0.1))
    (fp_line (start 0.8 -0.4) (end 0.8 0.4) (layer F.Fab) (width 0.1))
    (fp_line (start 0.8 0.4) (end -0.8 0.4) (layer F.Fab) (width 0.1))
    (fp_line (start -0.146267 -0.51) (end 0.146267 -0.51) (layer F.SilkS) (width 0.12))
    (fp_line (start -0.146267 0.51) (end 0.146267 0.51) (layer F.SilkS) (width 0.12))
    (fp_line (start -1.65 0.73) (end -1.65 -0.73) (layer F.CrtYd) (width 0.05))
    (fp_line (start -1.65 -0.73) (end 1.65 -0.73) (layer F.CrtYd) (width 0.05))
    (fp_line (start 1.65 -0.73) (end 1.65 0.73) (layer F.CrtYd) (width 0.05))
    (fp_line (start 1.65 0.73) (end -1.65 0.73) (layer F.CrtYd) (width 0.05))
    (fp_text user %R (at 0 0) (layer F.Fab)
      (effects (font (size 0.4 0.4) (thickness 0.06)))
    )
    (pad 1 smd roundrect (at -0.8625 0) (size 1.075 0.95) (layers F.Cu F.Paste F.Mask) (roundrect_rratio 0.25)
      (net 2 VCC))
    (pad 2 smd roundrect (at 0.8625 0) (size 1.075 0.95) (layers F.Cu F.Paste F.Mask) (roundrect_rratio 0.25)
      (net 1 GND))
    (model ${KISYS3DMOD}/Capacitor_SMD.3dshapes/C_0603_1608Metric.wrl
      (at (xyz 0 0 0))
      (scale (xyz 1 1 1))
      (rotate (xyz 0 0 0))
    )
  )

  (module Capacitor_SMD:C_0603_1608Metric_Pad1.08x0.95mm_HandSolder (layer F.Cu) (tedit 5F68FEEF) (tstamp 60A46E18)
    (at 55.3 84.75 180)
    (descr "Capacitor SMD 0603 (1608 Metric), square (rectangular) end terminal, IPC_7351 nominal with elongated pad for handsoldering. (Body size source: IPC-SM-782 page 76, https://www.pcb-3d.com/wordpress/wp-content/uploads/ipc-sm-782a_amendment_1_and_2.pdf), generated with kicad-footprint-generator")
    (tags "capacitor handsolder")
    (path /609E7FAE/609F571A)
    (attr smd)
    (fp_text reference C3 (at 2.85 0) (layer F.SilkS)
      (effects (font (size 1 1) (thickness 0.15)))
    )
    (fp_text value 100n (at 0 1.43) (layer F.Fab)
      (effects (font (size 1 1) (thickness 0.15)))
    )
    (fp_line (start -0.8 0.4) (end -0.8 -0.4) (layer F.Fab) (width 0.1))
    (fp_line (start -0.8 -0.4) (end 0.8 -0.4) (layer F.Fab) (width 0.1))
    (fp_line (start 0.8 -0.4) (end 0.8 0.4) (layer F.Fab) (width 0.1))
    (fp_line (start 0.8 0.4) (end -0.8 0.4) (layer F.Fab) (width 0.1))
    (fp_line (start -0.146267 -0.51) (end 0.146267 -0.51) (layer F.SilkS) (width 0.12))
    (fp_line (start -0.146267 0.51) (end 0.146267 0.51) (layer F.SilkS) (width 0.12))
    (fp_line (start -1.65 0.73) (end -1.65 -0.73) (layer F.CrtYd) (width 0.05))
    (fp_line (start -1.65 -0.73) (end 1.65 -0.73) (layer F.CrtYd) (width 0.05))
    (fp_line (start 1.65 -0.73) (end 1.65 0.73) (layer F.CrtYd) (width 0.05))
    (fp_line (start 1.65 0.73) (end -1.65 0.73) (layer F.CrtYd) (width 0.05))
    (fp_text user %R (at 0 0) (layer F.Fab)
      (effects (font (size 0.4 0.4) (thickness 0.06)))
    )
    (pad 1 smd roundrect (at -0.8625 0 180) (size 1.075 0.95) (layers F.Cu F.Paste F.Mask) (roundrect_rratio 0.25)
      (net 2 VCC))
    (pad 2 smd roundrect (at 0.8625 0 180) (size 1.075 0.95) (layers F.Cu F.Paste F.Mask) (roundrect_rratio 0.25)
      (net 1 GND))
    (model ${KISYS3DMOD}/Capacitor_SMD.3dshapes/C_0603_1608Metric.wrl
      (at (xyz 0 0 0))
      (scale (xyz 1 1 1))
      (rotate (xyz 0 0 0))
    )
  )

  (module Capacitor_SMD:C_0603_1608Metric_Pad1.08x0.95mm_HandSolder (layer F.Cu) (tedit 5F68FEEF) (tstamp 60A474A2)
    (at 57.5 77.8625 90)
    (descr "Capacitor SMD 0603 (1608 Metric), square (rectangular) end terminal, IPC_7351 nominal with elongated pad for handsoldering. (Body size source: IPC-SM-782 page 76, https://www.pcb-3d.com/wordpress/wp-content/uploads/ipc-sm-782a_amendment_1_and_2.pdf), generated with kicad-footprint-generator")
    (tags "capacitor handsolder")
    (path /609E7FAE/609FF8CB)
    (attr smd)
    (fp_text reference C4 (at -2.9 0 90) (layer F.SilkS)
      (effects (font (size 1 1) (thickness 0.15)))
    )
    (fp_text value 100n (at 0 1.43 90) (layer F.Fab)
      (effects (font (size 1 1) (thickness 0.15)))
    )
    (fp_line (start 1.65 0.73) (end -1.65 0.73) (layer F.CrtYd) (width 0.05))
    (fp_line (start 1.65 -0.73) (end 1.65 0.73) (layer F.CrtYd) (width 0.05))
    (fp_line (start -1.65 -0.73) (end 1.65 -0.73) (layer F.CrtYd) (width 0.05))
    (fp_line (start -1.65 0.73) (end -1.65 -0.73) (layer F.CrtYd) (width 0.05))
    (fp_line (start -0.146267 0.51) (end 0.146267 0.51) (layer F.SilkS) (width 0.12))
    (fp_line (start -0.146267 -0.51) (end 0.146267 -0.51) (layer F.SilkS) (width 0.12))
    (fp_line (start 0.8 0.4) (end -0.8 0.4) (layer F.Fab) (width 0.1))
    (fp_line (start 0.8 -0.4) (end 0.8 0.4) (layer F.Fab) (width 0.1))
    (fp_line (start -0.8 -0.4) (end 0.8 -0.4) (layer F.Fab) (width 0.1))
    (fp_line (start -0.8 0.4) (end -0.8 -0.4) (layer F.Fab) (width 0.1))
    (fp_text user %R (at 0 0 90) (layer F.Fab)
      (effects (font (size 0.4 0.4) (thickness 0.06)))
    )
    (pad 2 smd roundrect (at 0.8625 0 90) (size 1.075 0.95) (layers F.Cu F.Paste F.Mask) (roundrect_rratio 0.25)
      (net 3 /battery_power_supply/CB))
    (pad 1 smd roundrect (at -0.8625 0 90) (size 1.075 0.95) (layers F.Cu F.Paste F.Mask) (roundrect_rratio 0.25)
      (net 4 /battery_power_supply/SW))
    (model ${KISYS3DMOD}/Capacitor_SMD.3dshapes/C_0603_1608Metric.wrl
      (at (xyz 0 0 0))
      (scale (xyz 1 1 1))
      (rotate (xyz 0 0 0))
    )
  )

  (module Capacitor_SMD:C_1206_3216Metric_Pad1.33x1.80mm_HandSolder (layer F.Cu) (tedit 5F68FEEF) (tstamp 60A46FF2)
    (at 75.25 78.75 90)
    (descr "Capacitor SMD 1206 (3216 Metric), square (rectangular) end terminal, IPC_7351 nominal with elongated pad for handsoldering. (Body size source: IPC-SM-782 page 76, https://www.pcb-3d.com/wordpress/wp-content/uploads/ipc-sm-782a_amendment_1_and_2.pdf), generated with kicad-footprint-generator")
    (tags "capacitor handsolder")
    (path /609E7FAE/60A00959)
    (attr smd)
    (fp_text reference C5 (at 3.5 0 90) (layer F.SilkS)
      (effects (font (size 1 1) (thickness 0.15)))
    )
    (fp_text value 10u (at 0 1.85 90) (layer F.Fab)
      (effects (font (size 1 1) (thickness 0.15)))
    )
    (fp_line (start -1.6 0.8) (end -1.6 -0.8) (layer F.Fab) (width 0.1))
    (fp_line (start -1.6 -0.8) (end 1.6 -0.8) (layer F.Fab) (width 0.1))
    (fp_line (start 1.6 -0.8) (end 1.6 0.8) (layer F.Fab) (width 0.1))
    (fp_line (start 1.6 0.8) (end -1.6 0.8) (layer F.Fab) (width 0.1))
    (fp_line (start -0.711252 -0.91) (end 0.711252 -0.91) (layer F.SilkS) (width 0.12))
    (fp_line (start -0.711252 0.91) (end 0.711252 0.91) (layer F.SilkS) (width 0.12))
    (fp_line (start -2.48 1.15) (end -2.48 -1.15) (layer F.CrtYd) (width 0.05))
    (fp_line (start -2.48 -1.15) (end 2.48 -1.15) (layer F.CrtYd) (width 0.05))
    (fp_line (start 2.48 -1.15) (end 2.48 1.15) (layer F.CrtYd) (width 0.05))
    (fp_line (start 2.48 1.15) (end -2.48 1.15) (layer F.CrtYd) (width 0.05))
    (fp_text user %R (at 0 0 90) (layer F.Fab)
      (effects (font (size 0.8 0.8) (thickness 0.12)))
    )
    (pad 1 smd roundrect (at -1.5625 0 90) (size 1.325 1.8) (layers F.Cu F.Paste F.Mask) (roundrect_rratio 0.188679)
      (net 5 +5V))
    (pad 2 smd roundrect (at 1.5625 0 90) (size 1.325 1.8) (layers F.Cu F.Paste F.Mask) (roundrect_rratio 0.188679)
      (net 1 GND))
    (model ${KISYS3DMOD}/Capacitor_SMD.3dshapes/C_1206_3216Metric.wrl
      (at (xyz 0 0 0))
      (scale (xyz 1 1 1))
      (rotate (xyz 0 0 0))
    )
  )

  (module Capacitor_SMD:C_1206_3216Metric_Pad1.33x1.80mm_HandSolder (layer F.Cu) (tedit 5F68FEEF) (tstamp 60A46E63)
    (at 71.75 78.75 90)
    (descr "Capacitor SMD 1206 (3216 Metric), square (rectangular) end terminal, IPC_7351 nominal with elongated pad for handsoldering. (Body size source: IPC-SM-782 page 76, https://www.pcb-3d.com/wordpress/wp-content/uploads/ipc-sm-782a_amendment_1_and_2.pdf), generated with kicad-footprint-generator")
    (tags "capacitor handsolder")
    (path /609E7FAE/60A00962)
    (attr smd)
    (fp_text reference C6 (at 3.5 0 90) (layer F.SilkS)
      (effects (font (size 1 1) (thickness 0.15)))
    )
    (fp_text value 10u (at 0 1.85 90) (layer F.Fab)
      (effects (font (size 1 1) (thickness 0.15)))
    )
    (fp_line (start 2.48 1.15) (end -2.48 1.15) (layer F.CrtYd) (width 0.05))
    (fp_line (start 2.48 -1.15) (end 2.48 1.15) (layer F.CrtYd) (width 0.05))
    (fp_line (start -2.48 -1.15) (end 2.48 -1.15) (layer F.CrtYd) (width 0.05))
    (fp_line (start -2.48 1.15) (end -2.48 -1.15) (layer F.CrtYd) (width 0.05))
    (fp_line (start -0.711252 0.91) (end 0.711252 0.91) (layer F.SilkS) (width 0.12))
    (fp_line (start -0.711252 -0.91) (end 0.711252 -0.91) (layer F.SilkS) (width 0.12))
    (fp_line (start 1.6 0.8) (end -1.6 0.8) (layer F.Fab) (width 0.1))
    (fp_line (start 1.6 -0.8) (end 1.6 0.8) (layer F.Fab) (width 0.1))
    (fp_line (start -1.6 -0.8) (end 1.6 -0.8) (layer F.Fab) (width 0.1))
    (fp_line (start -1.6 0.8) (end -1.6 -0.8) (layer F.Fab) (width 0.1))
    (fp_text user %R (at 0 0 90) (layer F.Fab)
      (effects (font (size 0.8 0.8) (thickness 0.12)))
    )
    (pad 2 smd roundrect (at 1.5625 0 90) (size 1.325 1.8) (layers F.Cu F.Paste F.Mask) (roundrect_rratio 0.188679)
      (net 1 GND))
    (pad 1 smd roundrect (at -1.5625 0 90) (size 1.325 1.8) (layers F.Cu F.Paste F.Mask) (roundrect_rratio 0.188679)
      (net 5 +5V))
    (model ${KISYS3DMOD}/Capacitor_SMD.3dshapes/C_1206_3216Metric.wrl
      (at (xyz 0 0 0))
      (scale (xyz 1 1 1))
      (rotate (xyz 0 0 0))
    )
  )

  (module Capacitor_SMD:C_0603_1608Metric_Pad1.08x0.95mm_HandSolder (layer F.Cu) (tedit 5F68FEEF) (tstamp 60A47238)
    (at 39.25 48.25 270)
    (descr "Capacitor SMD 0603 (1608 Metric), square (rectangular) end terminal, IPC_7351 nominal with elongated pad for handsoldering. (Body size source: IPC-SM-782 page 76, https://www.pcb-3d.com/wordpress/wp-content/uploads/ipc-sm-782a_amendment_1_and_2.pdf), generated with kicad-footprint-generator")
    (tags "capacitor handsolder")
    (path /609E7FAE/60A1F682)
    (attr smd)
    (fp_text reference C7 (at -3 0 90) (layer F.SilkS)
      (effects (font (size 1 1) (thickness 0.15)))
    )
    (fp_text value 1u (at 0 1.43 90) (layer F.Fab)
      (effects (font (size 1 1) (thickness 0.15)))
    )
    (fp_line (start -0.8 0.4) (end -0.8 -0.4) (layer F.Fab) (width 0.1))
    (fp_line (start -0.8 -0.4) (end 0.8 -0.4) (layer F.Fab) (width 0.1))
    (fp_line (start 0.8 -0.4) (end 0.8 0.4) (layer F.Fab) (width 0.1))
    (fp_line (start 0.8 0.4) (end -0.8 0.4) (layer F.Fab) (width 0.1))
    (fp_line (start -0.146267 -0.51) (end 0.146267 -0.51) (layer F.SilkS) (width 0.12))
    (fp_line (start -0.146267 0.51) (end 0.146267 0.51) (layer F.SilkS) (width 0.12))
    (fp_line (start -1.65 0.73) (end -1.65 -0.73) (layer F.CrtYd) (width 0.05))
    (fp_line (start -1.65 -0.73) (end 1.65 -0.73) (layer F.CrtYd) (width 0.05))
    (fp_line (start 1.65 -0.73) (end 1.65 0.73) (layer F.CrtYd) (width 0.05))
    (fp_line (start 1.65 0.73) (end -1.65 0.73) (layer F.CrtYd) (width 0.05))
    (fp_text user %R (at 0 0 90) (layer F.Fab)
      (effects (font (size 0.4 0.4) (thickness 0.06)))
    )
    (pad 1 smd roundrect (at -0.8625 0 270) (size 1.075 0.95) (layers F.Cu F.Paste F.Mask) (roundrect_rratio 0.25)
      (net 5 +5V))
    (pad 2 smd roundrect (at 0.8625 0 270) (size 1.075 0.95) (layers F.Cu F.Paste F.Mask) (roundrect_rratio 0.25)
      (net 1 GND))
    (model ${KISYS3DMOD}/Capacitor_SMD.3dshapes/C_0603_1608Metric.wrl
      (at (xyz 0 0 0))
      (scale (xyz 1 1 1))
      (rotate (xyz 0 0 0))
    )
  )

  (module Capacitor_SMD:C_0603_1608Metric_Pad1.08x0.95mm_HandSolder (layer F.Cu) (tedit 5F68FEEF) (tstamp 60A46FBC)
    (at 46.5 48.25 270)
    (descr "Capacitor SMD 0603 (1608 Metric), square (rectangular) end terminal, IPC_7351 nominal with elongated pad for handsoldering. (Body size source: IPC-SM-782 page 76, https://www.pcb-3d.com/wordpress/wp-content/uploads/ipc-sm-782a_amendment_1_and_2.pdf), generated with kicad-footprint-generator")
    (tags "capacitor handsolder")
    (path /609E7FAE/60A1F088)
    (attr smd)
    (fp_text reference C8 (at -3 0.0375 90) (layer F.SilkS)
      (effects (font (size 1 1) (thickness 0.15)))
    )
    (fp_text value 1u (at 0 1.43 90) (layer F.Fab)
      (effects (font (size 1 1) (thickness 0.15)))
    )
    (fp_line (start 1.65 0.73) (end -1.65 0.73) (layer F.CrtYd) (width 0.05))
    (fp_line (start 1.65 -0.73) (end 1.65 0.73) (layer F.CrtYd) (width 0.05))
    (fp_line (start -1.65 -0.73) (end 1.65 -0.73) (layer F.CrtYd) (width 0.05))
    (fp_line (start -1.65 0.73) (end -1.65 -0.73) (layer F.CrtYd) (width 0.05))
    (fp_line (start -0.146267 0.51) (end 0.146267 0.51) (layer F.SilkS) (width 0.12))
    (fp_line (start -0.146267 -0.51) (end 0.146267 -0.51) (layer F.SilkS) (width 0.12))
    (fp_line (start 0.8 0.4) (end -0.8 0.4) (layer F.Fab) (width 0.1))
    (fp_line (start 0.8 -0.4) (end 0.8 0.4) (layer F.Fab) (width 0.1))
    (fp_line (start -0.8 -0.4) (end 0.8 -0.4) (layer F.Fab) (width 0.1))
    (fp_line (start -0.8 0.4) (end -0.8 -0.4) (layer F.Fab) (width 0.1))
    (fp_text user %R (at 0 0 90) (layer F.Fab)
      (effects (font (size 0.4 0.4) (thickness 0.06)))
    )
    (pad 2 smd roundrect (at 0.8625 0 270) (size 1.075 0.95) (layers F.Cu F.Paste F.Mask) (roundrect_rratio 0.25)
      (net 1 GND))
    (pad 1 smd roundrect (at -0.8625 0 270) (size 1.075 0.95) (layers F.Cu F.Paste F.Mask) (roundrect_rratio 0.25)
      (net 6 +3V3))
    (model ${KISYS3DMOD}/Capacitor_SMD.3dshapes/C_0603_1608Metric.wrl
      (at (xyz 0 0 0))
      (scale (xyz 1 1 1))
      (rotate (xyz 0 0 0))
    )
  )

  (module Inductor_SMD:L_Bourns-SRU8043 (layer F.Cu) (tedit 5990349C) (tstamp 60A471C2)
    (at 64.5 78.8)
    (descr "Bourns SRU8043 series SMD inductor")
    (tags "Bourns SRU8043 SMD inductor")
